"time","infectedAmount","deadAmount","immunityAmount","deltaInfectedAmount"
20,1,0,0,1
40,1,0,0,0
60,1,0,0,0
80,1,0,0,0
100,1,0,0,0
120,2,0,0,1
140,2,0,0,0
160,2,0,0,0
180,2,0,0,0
200,2,0,0,0
220,2,0,0,0
240,2,0,0,0
260,2,0,0,0
280,2,0,0,0
300,2,0,0,0
320,3,0,0,1
340,3,0,0,0
360,3,0,0,0
380,3,0,0,0
400,3,0,0,0
420,3,0,0,0
440,5,0,0,2
460,5,0,0,0
480,5,0,0,0
500,5,0,0,0
520,5,0,0,0
540,6,0,0,1
560,7,0,0,1
580,10,0,0,3
600,13,0,0,3
620,15,0,0,2
640,20,0,0,5
660,20,0,0,0
680,24,0,0,4
700,26,0,0,2
720,29,0,0,3
740,31,0,0,2
760,31,0,0,0
780,33,0,0,2
800,33,0,0,0
820,34,0,0,1
840,36,0,0,2
860,38,0,0,2
880,40,0,0,2
900,40,0,0,0
920,42,0,0,2
940,47,0,0,5
960,49,0,0,2
980,49,0,0,0
1000,53,0,0,4
1020,56,0,0,3
1040,59,0,0,3
1060,62,0,0,3
1080,64,0,0,2
1100,65,0,0,1
1120,68,0,0,3
1140,71,0,0,3
1160,76,0,0,5
1180,78,0,0,2
1200,83,0,0,5
1220,85,0,0,2
1240,96,0,0,11
1260,98,0,0,2
1280,102,0,0,4
1300,106,0,0,4
1320,111,0,0,5
1340,116,0,0,5
1360,120,0,0,4
1380,125,0,0,5
1400,133,0,0,8
1420,138,0,0,5
1440,141,0,0,3
1460,145,0,0,4
1480,149,0,0,4
1500,154,0,0,5
1520,159,1,0,5
1540,162,1,0,3
1560,167,1,0,5
1580,175,1,0,8
1600,180,1,0,5
1620,186,1,1,6
1640,189,1,1,3
1660,195,1,1,6
1680,207,1,1,12
1700,213,1,1,6
1720,218,1,1,5
1740,226,1,1,8
1760,231,1,1,5
1780,236,1,1,5
1800,244,1,1,8
1820,256,1,2,12
1840,261,1,2,5
1860,275,1,2,14
1880,282,1,2,7
1900,290,1,2,8
1920,299,1,2,9
1940,301,2,3,2
1960,308,2,3,7
1980,313,2,3,5
2000,318,2,3,5
2020,324,2,3,6
2040,331,2,4,7
2060,341,2,5,10
2080,343,2,8,2
2100,352,3,10,9
2120,361,4,11,9
2140,360,4,15,-1
2160,370,4,16,10
2180,374,4,20,4
2200,383,4,22,9
2220,392,4,24,9
2240,396,4,27,4
2260,406,4,27,10
2280,412,4,29,6
2300,418,4,29,6
2320,425,4,30,7
2340,433,4,32,8
2360,443,4,34,10
2380,452,4,36,9
2400,462,4,36,10
2420,468,4,38,6
2440,473,4,43,5
2460,479,4,45,6
2480,490,4,45,11
2500,498,4,49,8
2520,506,4,52,8
2540,513,4,55,7
2560,518,4,58,5
2580,528,4,60,10
2600,541,4,61,13
2620,546,4,64,5
2640,562,4,67,16
2660,562,4,72,0
2680,567,5,73,5
2700,573,5,78,6
2720,578,5,80,5
2740,579,6,90,1
2760,583,6,91,4
2780,586,6,96,3
2800,590,6,100,4
2820,596,6,105,6
2840,599,7,109,3
2860,603,7,113,4
2880,603,7,118,0
2900,609,7,126,6
2920,616,7,131,7
2940,619,7,133,3
2960,621,7,138,2
2980,626,7,142,5
3000,632,9,145,6
3020,632,9,151,0
3040,639,9,154,7
3060,642,9,159,3
3080,643,9,167,1
3100,646,9,172,3
3120,644,9,179,-2
3140,650,10,181,6
3160,657,11,186,7
3180,653,11,197,-4
3200,656,11,203,3
3220,658,11,209,2
3240,659,12,216,1
3260,660,12,221,1
3280,663,12,226,3
3300,670,12,234,7
3320,667,13,246,-3
3340,668,13,251,1
3360,659,14,264,-9
3380,659,14,270,0
3400,657,15,277,-2
3420,652,16,286,-5
3440,658,16,290,6
3460,660,16,297,2
3480,661,16,302,1
3500,662,16,307,1
3520,660,16,312,-2
3540,657,18,319,-3
3560,655,18,330,-2
3580,662,18,335,7
3600,658,19,346,-4
3620,657,19,357,-1
3640,661,19,359,4
3660,657,21,369,-4
3680,655,21,377,-2
3700,652,21,388,-3
3720,641,23,397,-11
3740,642,23,403,1
3760,640,24,413,-2
3780,641,24,421,1
3800,647,25,426,6
3820,646,26,433,-1
3840,644,26,442,-2
3860,646,26,455,2
3880,640,27,465,-6
3900,638,27,473,-2
3920,638,27,483,0
3940,637,27,493,-1
3960,646,27,501,9
3980,646,27,512,0
4000,637,28,523,-9
4020,634,30,532,-3
4040,631,30,542,-3
4060,634,30,550,3
4080,631,30,562,-3
4100,621,30,574,-10
4120,619,30,584,-2
4140,607,33,598,-12
4160,606,33,605,-1
4180,601,33,612,-5
4200,596,33,623,-5
4220,596,34,629,0
4240,589,34,640,-7
4260,587,34,646,-2
4280,583,34,654,-4
4300,579,34,662,-4
4320,572,35,671,-7
4340,568,36,679,-4
4360,565,37,686,-3
4380,566,37,691,1
4400,557,37,705,-9
4420,554,38,715,-3
4440,552,39,720,-2
4460,546,41,725,-6
4480,544,42,733,-2
4500,536,44,742,-8
4520,532,44,748,-4
4540,525,45,757,-7
4560,522,45,764,-3
4580,515,48,771,-7
4600,509,49,778,-6
4620,509,49,783,0
4640,501,50,790,-8
4660,490,51,803,-11
4680,487,51,810,-3
4700,488,53,817,1
4720,483,55,823,-5
4740,477,55,832,-6
4760,478,55,838,1
4780,475,55,846,-3
4800,462,55,861,-13
4820,453,58,868,-9
4840,452,58,874,-1
4860,451,58,879,-1
4880,450,58,885,-1
4900,445,59,890,-5
4920,441,60,894,-4
4940,431,61,903,-10
4960,426,61,911,-5
4980,422,61,918,-4
5000,421,62,923,-1
5020,423,62,925,2
5040,419,62,932,-4
5060,411,62,941,-8
5080,399,63,952,-12
5100,396,63,960,-3
5120,388,63,969,-8
5140,384,63,976,-4
5160,381,63,984,-3
5180,377,63,990,-4
5200,372,65,996,-5
5220,375,65,996,3
5240,368,66,1002,-7
5260,361,67,1010,-7
5280,355,68,1017,-6
5300,345,69,1029,-10
5320,342,69,1036,-3
5340,338,69,1043,-4
5360,324,70,1057,-14
5380,320,70,1062,-4
5400,317,70,1068,-3
5420,309,71,1077,-8
5440,303,71,1086,-6
5460,288,71,1103,-15
5480,279,72,1112,-9
5500,277,72,1116,-2
5520,269,72,1124,-8
5540,264,73,1130,-5
5560,256,73,1141,-8
5580,247,73,1150,-9
5600,248,73,1152,1
5620,245,73,1159,-3
5640,241,73,1164,-4
5660,235,73,1171,-6
5680,234,73,1173,-1
5700,230,74,1178,-4
5720,223,74,1185,-7
5740,222,74,1189,-1
5760,220,74,1192,-2
5780,216,74,1197,-4
5800,212,74,1201,-4
5820,210,74,1204,-2
5840,205,75,1208,-5
5860,201,75,1213,-4
5880,198,75,1217,-3
5900,193,76,1223,-5
5920,187,76,1231,-6
5940,183,76,1235,-4
5960,185,76,1236,2
5980,179,76,1243,-6
6000,176,76,1246,-3
6020,176,76,1247,0
6040,172,77,1250,-4
6060,169,77,1254,-3
6080,166,78,1256,-3
6100,166,78,1258,0
6120,164,78,1263,-2
6140,164,78,1263,0
6160,162,79,1265,-2
6180,159,80,1267,-3
6200,149,83,1275,-10
6220,146,83,1278,-3
6240,144,83,1281,-2
6260,137,84,1287,-7
6280,132,84,1292,-5
6300,130,84,1294,-2
6320,130,84,1295,0
6340,130,84,1300,0
6360,127,84,1304,-3
6380,125,84,1309,-2
6400,125,84,1310,0
6420,126,84,1311,1
6440,129,84,1311,3
6460,126,84,1314,-3
6480,124,85,1316,-2
6500,120,85,1321,-4
6520,118,85,1325,-2
6540,116,86,1327,-2
6560,117,86,1328,1
6580,117,86,1328,0
6600,114,86,1333,-3
6620,113,86,1334,-1
6640,111,86,1337,-2
6660,107,86,1342,-4
6680,109,86,1344,2
6700,106,86,1347,-3
6720,103,86,1350,-3
6740,105,86,1350,2
6760,104,86,1351,-1
6780,103,86,1354,-1
6800,103,86,1357,0
6820,102,86,1361,-1
6840,99,86,1364,-3
6860,98,86,1365,-1
6880,97,86,1366,-1
6900,95,87,1368,-2
6920,93,87,1370,-2
6940,90,87,1373,-3
6960,89,87,1375,-1
6980,89,87,1376,0
7000,89,89,1376,0
7020,89,89,1376,0
7040,87,90,1377,-2
7060,84,90,1380,-3
7080,84,90,1380,0
7100,83,90,1383,-1
7120,79,91,1386,-4
7140,78,91,1387,-1
7160,77,91,1388,-1
7180,78,91,1389,1
7200,80,91,1390,2
7220,81,91,1391,1
7240,79,91,1394,-2
7260,79,91,1395,0
7280,78,91,1396,-1
7300,79,91,1396,1
7320,78,91,1397,-1
7340,80,91,1397,2
7360,79,91,1398,-1
7380,79,91,1399,0
7400,77,91,1401,-2
7420,75,91,1403,-2
7440,75,91,1403,0
7460,72,91,1406,-3
7480,71,91,1407,-1
7500,71,91,1407,0
7520,70,91,1408,-1
7540,70,91,1408,0
7560,70,91,1409,0
7580,71,91,1409,1
7600,69,91,1411,-2
7620,67,92,1413,-2
7640,68,92,1413,1
7660,68,92,1414,0
7680,68,92,1414,0
7700,68,92,1415,0
7720,69,92,1415,1
7740,68,92,1416,-1
7760,70,92,1416,2
7780,70,92,1416,0
7800,71,92,1416,1
7820,71,92,1417,0
7840,66,92,1422,-5
7860,65,92,1423,-1
7880,62,93,1425,-3
7900,63,93,1426,1
7920,61,93,1428,-2
7940,58,93,1431,-3
7960,59,93,1431,1
7980,59,93,1432,0
8000,58,93,1433,-1
8020,58,93,1435,0
8040,58,93,1436,0
8060,57,93,1438,-1
8080,57,93,1438,0
8100,57,93,1440,0
8120,58,93,1440,1
8140,57,93,1441,-1
8160,56,93,1442,-1
8180,52,93,1446,-4
8200,52,93,1446,0
8220,53,93,1446,1
8240,51,93,1448,-2
8260,51,93,1448,0
8280,49,93,1450,-2
8300,46,93,1453,-3
8320,43,93,1456,-3
8340,44,93,1456,1
8360,45,93,1456,1
8380,45,93,1456,0
8400,44,93,1457,-1
8420,44,93,1457,0
8440,44,93,1457,0
8460,43,93,1458,-1
8480,42,94,1458,-1
8500,40,94,1460,-2
8520,40,94,1460,0
8540,40,94,1460,0
8560,40,94,1460,0
8580,40,94,1460,0
8600,40,94,1462,0
8620,40,94,1462,0
8640,40,94,1462,0
8660,40,94,1462,0
8680,38,94,1464,-2
8700,35,94,1467,-3
8720,33,94,1469,-2
8740,32,94,1470,-1
8760,31,94,1471,-1
8780,31,94,1471,0
8800,30,94,1472,-1
8820,30,94,1472,0
8840,28,94,1474,-2
8860,28,94,1474,0
8880,27,94,1475,-1
8900,27,94,1475,0
8920,27,94,1475,0
8940,27,94,1475,0
8960,27,94,1475,0
8980,27,94,1475,0
9000,27,94,1475,0
9020,27,94,1475,0
9040,27,94,1475,0
9060,26,94,1476,-1
9080,25,94,1477,-1
9100,25,94,1477,0
9120,24,94,1478,-1
9140,24,94,1479,0
9160,23,94,1480,-1
9180,23,94,1480,0
9200,22,94,1481,-1
9220,22,94,1482,0
9240,22,94,1482,0
9260,20,94,1484,-2
9280,20,94,1484,0
9300,19,94,1485,-1
9320,19,94,1486,0
9340,19,94,1486,0
9360,19,94,1486,0
9380,20,94,1486,1
9400,19,94,1487,-1
9420,18,94,1488,-1
9440,18,94,1488,0
9460,17,94,1489,-1
9480,16,94,1490,-1
9500,16,94,1490,0
9520,15,94,1491,-1
9540,13,94,1493,-2
9560,13,94,1493,0
9580,13,94,1494,0
9600,11,94,1496,-2
9620,10,94,1497,-1
9640,10,94,1497,0
9660,10,94,1497,0
9680,10,94,1497,0
9700,10,94,1497,0
9720,10,94,1498,0
9740,10,94,1498,0
9760,10,94,1498,0
9780,11,94,1498,1
9800,11,94,1498,0
9820,11,94,1498,0
9840,10,95,1498,-1
9860,9,95,1499,-1
9880,9,95,1499,0
9900,9,95,1499,0
9920,9,95,1499,0
9940,9,95,1499,0
9960,9,95,1499,0
9980,9,95,1499,0
10000,9,95,1499,0
10020,9,95,1499,0
10040,9,95,1499,0
10060,9,95,1499,0
10080,9,95,1499,0
10100,7,95,1501,-2
10120,7,95,1501,0
10140,7,95,1501,0
10160,7,95,1501,0
10180,7,95,1501,0
10200,7,95,1501,0
10220,7,95,1501,0
10240,10,95,1501,3
10260,10,95,1501,0
10280,10,95,1501,0
10300,11,95,1501,1
10320,11,95,1501,0
10340,11,95,1501,0
10360,11,95,1501,0
10380,11,95,1501,0
10400,11,95,1501,0
10420,11,95,1501,0
10440,11,95,1501,0
10460,11,95,1501,0
10480,11,95,1501,0
10500,11,95,1501,0
10520,11,95,1501,0
10540,11,95,1501,0
10560,11,95,1501,0
10580,11,95,1501,0
10600,11,95,1501,0
10620,11,95,1501,0
10640,10,95,1502,-1
10660,10,95,1502,0
10680,10,95,1502,0
10700,10,95,1502,0
10720,9,95,1503,-1
10740,9,95,1503,0
10760,9,95,1503,0
10780,9,95,1503,0
10800,9,95,1503,0
10820,8,95,1504,-1
10840,8,95,1504,0
10860,8,95,1504,0
10880,7,95,1505,-1
10900,7,95,1505,0
10920,7,95,1505,0
10940,7,95,1505,0
10960,7,95,1505,0
10980,7,95,1505,0
11000,8,95,1505,1
11020,8,95,1505,0
11040,8,95,1505,0
11060,8,95,1505,0
11080,7,95,1506,-1
11100,7,95,1506,0
11120,7,95,1506,0
11140,7,95,1506,0
11160,7,95,1506,0
11180,7,95,1506,0
11200,7,95,1506,0
11220,6,95,1507,-1
11240,7,95,1507,1
11260,7,95,1507,0
11280,6,95,1508,-1
11300,6,95,1508,0
11320,6,95,1508,0
11340,6,95,1508,0
11360,6,95,1508,0
11380,6,95,1508,0
11400,6,95,1508,0
11420,6,95,1508,0
11440,6,95,1508,0
11460,6,95,1508,0
11480,6,95,1508,0
11500,6,95,1508,0
11520,6,95,1508,0
11540,6,95,1508,0
11560,6,95,1508,0
11580,6,95,1508,0
11600,6,95,1508,0
11620,6,95,1508,0
11640,6,95,1508,0
11660,6,95,1508,0
11680,6,95,1508,0
11700,6,95,1508,0
11720,6,95,1508,0
11740,3,95,1511,-3
11760,3,95,1511,0
11780,3,95,1511,0
11800,2,95,1512,-1
11820,2,95,1512,0
11840,2,95,1512,0
11860,2,95,1512,0
11880,2,95,1512,0
11900,2,95,1512,0
11920,2,95,1512,0
11940,2,95,1512,0
11960,2,95,1512,0
11980,2,95,1512,0
12000,2,95,1512,0
12020,2,95,1512,0
12040,2,95,1512,0
12060,2,95,1512,0
12080,2,95,1512,0
12100,2,95,1512,0
12120,2,95,1512,0
12140,2,95,1512,0
12160,2,95,1512,0
12180,2,95,1512,0
12200,2,95,1512,0
12220,2,95,1512,0
12240,2,95,1512,0
12260,2,95,1512,0
12280,2,95,1512,0
12300,2,95,1512,0
12320,2,95,1512,0
12340,2,95,1512,0
12360,2,95,1512,0
12380,2,95,1512,0
12400,2,95,1512,0
12420,2,95,1512,0
12440,2,95,1512,0
12460,2,95,1512,0
12480,2,95,1512,0
12500,1,95,1513,-1
12520,1,95,1513,0
12540,1,95,1513,0
12560,1,95,1513,0
12580,1,95,1513,0
12600,1,95,1513,0
12620,1,95,1513,0
12640,1,95,1513,0
12660,1,95,1513,0
12680,1,95,1513,0
12700,1,95,1513,0
12720,1,95,1513,0
